0.46525985701232453 1.413980028846047 0.10120093259884382 0.07096221556468885
0.501331672036762 1.2828646969567072 0.1125092328507073 0.11524430084593441
0.6009600546119652 1.993000818211497 0.08450853657357543 0.08450853657357543
0.2870934828759381 1.7072611533853992 0.08051607164801379 0.08051607164801379
0.5979629504053215 1.4128615861874456 0.08649121300906555 0.08649121300906555
0.24346883181464724 1.7876497353092908 0.09405492991209029 0.09405492991209029
0.49663914961107614 1.467065221955332 0.06703060865402222 0.06703060865402222
0.43261388970904396 1.5104275263097298 0.09504389762878412 0.09504389762878412
0.2449351154873816 1.7726174935199426 0.09575324505567545 0.09575324505567545
0.40078228897455215 1.5373594994750315 0.07040981203317642 0.07040981203317642
0.4078675234717045 1.530316563314229 0.5796859264373776 0.5796859264373776
0.39335220652904235 1.537171720317676 0.7453432083129877 0.7453432083129877
0.3507466266314947 1.5794906131388464 0.6344599127769466 0.6344599127769466
0.49456507067360966 1.4370526257884555 0.6461148858070371 0.6461148858070371
0.3719449368390171 1.5432255479137296 0.7027904987335211 0.7027904987335211
0.40192287247717073 1.5103095986626374 0.6426308155059814 0.6426308155059814
0.4589537189622819 1.4586212338442996 0.6331558227539068 0.6331558227539068
0.42161951780889567 1.4897904966436504 0.682666122913361 0.682666122913361
0.35694299959109715 1.5605156404549998 0.7061759829521176 0.7061759829521176
0.3745866887021867 1.53975228259438 0.6607112884521483 0.6607112884521483
0.4534720232327018 1.4635799393129127 0.6211937069892881 0.6211937069892881
0.45060771532606303 1.4654767558905497 0.6651646494865423 0.6651646494865423
0.36656834406145455 1.5489242647253147 0.7118833661079403 0.7118833661079403
0.35165183124930094 1.5684486747358395 0.6816077828407294 0.6816077828407294
0.43333876689085 1.4808576654589343 0.6213094592094421 0.6213094592094421
0.4754221457898904 1.4474443225769338 0.639311015605927 0.639311015605927
0.39536230201926537 1.5165971745714617 0.7041059732437133 0.7041059732437133
0.3372710675143742 1.5881023133200323 0.7088921666145321 0.7088921666145321
0.38754596935504915 1.5261247699910945 0.6447047591209408 0.6447047591209408
0.4762333236527783 1.4475388863440337 0.611857712268829 0.611857712268829
0.45464105996789 1.4630074780523488 0.6676646471023564 0.6676646471023564
0.359880216384048 1.5577614005102498 0.7188678979873654 0.7188678979873654
0.335785169778258 1.5909136026099542 0.6970767378807067 0.6970767378807067
0.41205905641665297 1.5007992053145993 0.629024863243103 0.629024863243103
0.489700350750006 1.438832825450806 0.6118915081024168 0.6118915081024168
0.4468203581976548 1.4692812194094131 0.6742208003997798 0.6742208003997798
0.35291594580600133 1.5668890111184 0.7221873998641966 0.7221873998641966
0.3309598393987812 1.5982331567974177 0.7016135454177864 0.7016135454177864
0.4039290748429639 1.508844136051013 0.6339082717895503 0.6339082717895503
0.48960604892963444 1.4391868736184952 0.604914307594299 0.604914307594299
0.4526524006179644 1.4650519681319094 0.6696488857269292 0.6696488857269292
0.36605207900111203 1.549193563073446 0.7089942097663882 0.7089942097663882
0.3575279076703997 1.5605870348414737 0.6770066618919378 0.6770066618919378
0.435780003025201 1.4783180102206874 0.6235198378562927 0.6235198378562927
0.466347275453321 1.453544587609871 0.6472461819648736 0.6472461819648736
0.38721233306889324 1.5250459755436658 0.7054314017295837 0.7054314017295837
0.3434517643098055 1.5791636808066836 0.6985881924629208 0.6985881924629208
0.4054816348130622 1.5069781182485333 0.634850263595581 0.634850263595581
0.4770892068529813 1.44643736056734 0.6227946281433105 0.6227946281433105
0.42645202028123935 1.4863044873379074 0.6865859031677247 0.6865859031677247
0.34564173392701936 1.5762766331576847 0.7168976068496701 0.7168976068496701
0.35948935849814906 1.5590044026169474 0.6688546538352973 0.6688546538352973
0.45149293570427196 1.4659156109157374 0.6135741472244269 0.6135741472244269
0.478513622540606 1.4456525265314928 0.6418207883834833 0.6418207883834833
0.3911178642482848 1.5211607331864572 0.7066417932510376 0.7066417932510376
0.33242993463169435 1.5954180596547847 0.7144792675971979 0.7144792675971979
0.3756931452659898 1.5396050209063663 0.6535474658012395 0.6535474658012395
0.4699584592187236 1.4522004059056919 0.6076763272285459 0.6076763272285459
0.4776977813985356 1.4464589933459273 0.6466217041015617 0.6466217041015617
0.3844375232475225 1.5285071950209768 0.710160970687866 0.710160970687866
0.3278878363981201 1.6024771871749295 0.7184191346168523 0.7184191346168523
0.36751394950602034 1.5494417391325301 0.6601179838180536 0.6601179838180536
0.46355552479410866 1.456969612523129 0.6069226264953611 0.6069226264953611
0.49235243303924087 1.4372228697726606 0.6302856206893918 0.6302856206893918
