1088480
5806 9807
11580 15581
16560 20561
21735 25736
27698 31699
32632 36633
37590 41591
42780 46781
48107 52108
53428 57429
58361 62362
63671 67672
69073 73074
74455 78456
78836 82837
84551 88552
90374 94375
96044 100045
105728 109729
111609 115610
117347 121348
122881 126882
126882 130883
133070 137071
137513 141514
142756 146757
147564 151565
153380 157381
158440 162441
164062 168063
169221 173222
175276 179277
180433 184434
185889 189890
191162 195163
196794 200795
201677 205678
207113 211114
211980 215981
217884 221885
222991 226992
228316 232317
233498 237499
239024 243025
244652 248653
250116 254117
255475 259476
260976 264977
265758 269759
271571 275572
276778 280779
282365 286366
287733 291734
293666 297667
298715 302716
304959 308960
309969 313970
315670 319671
320916 324917
326771 330772
331661 335662
337234 341235
342394 346395
348126 352127
353682 357683
358273 362274
363239 367240
369131 373132
374799 378800
379976 383977
384247 388248
390075 394076
395412 399413
400726 404727
406744 410745
411316 415317
416507 420508
421903 425904
427089 431090
432302 436303
437818 441819
442481 446482
447654 451655
453357 457358
458669 462670
464325 468326
468882 472883
475043 479044
479738 483739
485573 489574
489977 493978
496088 500089
501481 505482
506634 510635
511767 515768
517475 521476
522819 526820
528200 532201
533487 537488
539592 543593
544883 548884
550851 554852
555301 559302
561399 565400
566315 570316
572014 576015
576320 580321
582283 586284
587015 591016
593006 597007
598432 602433
604029 608030
609713 613714
614742 618743
619927 623928
625449 629450
631741 635742
636151 640152
641559 645560
647047 651048
652057 656058
657795 661796
663274 667275
668146 672147
673596 677597
679709 683710
684552 688553
689133 693134
693141 697142
700862 704863
705462 709463
711150 715151
722127 726128
727194 731195
733076 737077
737521 741522
743282 747283
748488 752489
753360 757361
759176 763177
763969 767970
769404 773405
774819 778820
781076 785077
785558 789559
791336 795337
796302 800303
801479 805480
807290 811291
812293 816294
818089 822090
822996 826997
829185 833186
833359 837360
839599 843600
844096 848097
850416 854417
854830 858831
861442 865443
866972 870973
872431 876432
876941 880942
882987 886988
887869 891870
893528 897529
898628 902629
903701 907702
908903 912904
913932 917933
918731 922732
924602 928603
930494 934495
935619 939620
940392 944393
946886 950887
951318 955319
957003 961004
962663 966664
967719 971720
973098 977099
978127 982128
983192 987193
988543 992544
993715 997716
999460 1003461
1004230 1008231
1009371 1013372
1014222 1018223
1020095 1024096
1025155 1029156
1030892 1034893