200398 204399
206172 210173
211152 215153
216327 220328
222290 226291
227224 231225
232182 236183
237372 241373
242699 246700
248020 252021
252953 256954
258263 262264
263665 267666
269047 273048
273428 277429
279143 283144
284966 288967
290636 294637
300320 304321
306201 310202
311939 315940
317473 321474
321474 325475
327662 331663
332105 336106
337348 341349
342156 346157
347972 351973
353032 357033
358654 362655
363813 367814
369868 373869
375025 379026
380481 384482
385754 389755
391386 395387
396269 400270
401705 405706
406572 410573
412476 416477
417583 421584
422908 426909
428090 432091
433616 437617
439244 443245
444708 448709
450067 454068
455568 459569
460350 464351
466163 470164
471370 475371
476957 480958
482325 486326
488258 492259
493307 497308
499551 503552
504561 508562
510262 514263
515508 519509
521363 525364
526253 530254
531826 535827
536986 540987
542718 546719
548274 552275
552865 556866
557831 561832
563723 567724
569391 573392
574568 578569
578839 582840
584667 588668
590004 594005
595318 599319
601336 605337
605908 609909
611099 615100
616495 620496
621681 625682
626894 630895
632410 636411
637073 641074
642246 646247
647949 651950
653261 657262
658917 662918
663474 667475
669635 673636
674330 678331
680165 684166
684569 688570
690680 694681
696073 700074
701226 705227
706359 710360
712067 716068
717411 721412
722792 726793
728079 732080
734184 738185
739475 743476
745443 749444
749893 753894
755991 759992
760907 764908
766606 770607
770912 774913
776875 780876
781607 785608
787598 791599
793024 797025
798621 802622
804305 808306
809334 813335
814519 818520
820041 824042
826333 830334
830743 834744
836151 840152
841639 845640
846649 850650
852387 856388
857866 861867
862738 866739
868188 872189
874301 878302
879144 883145
883725 887726
887733 891734
895454 899455
900054 904055
905742 909743
916719 920720
921786 925787
927668 931669
932113 936114
937874 941875
943080 947081
947952 951953
953768 957769
958561 962562
963996 967997
969411 973412
975668 979669
980150 984151
985928 989929
990894 994895
996071 1000072
1001882 1005883
1006885 1010886
1012681 1016682
1017588 1021589
1023777 1027778
1027951 1031952
1034191 1038192
1038688 1042689
1045008 1049009
1049422 1053423
1056034 1060035
1061564 1065565
1067023 1071024
1071533 1075534
1077579 1081580
1082461 1086462
1088120 1092121
1093220 1097221
1098293 1102294
1103495 1107496
1108524 1112525
1113323 1117324
1119194 1123195
1125086 1129087
1130211 1134212
1134984 1138985
1141478 1145479
1145910 1149911
1151595 1155596
1157255 1161256
1162311 1166312
1167690 1171691
1172719 1176720
1177784 1181785
1183135 1187136
1188307 1192308
1194052 1198053
1198822 1202823
1203963 1207964
1208814 1212815
1214687 1218688
1219747 1223748
1225484 1229485