1265600
65973 69974
93469 97470
122474 126475
151998 155999
180381 184382
208154 212155
234439 238440
261317 265318
287596 291597
313816 317817
341272 345273
368086 372087
393472 397473
419288 423289
446187 450188
472809 476810
500594 504595
527652 531653
553997 557998
580303 584304
606659 610660
634179 638180
661971 665972
689529 693530
715138 719139
741461 745462
768129 772130
793772 797773
821244 825245
847562 851563
851652 855653
874152 878153
899802 903803
927016 931017
953253 957254
981345 985346
1006692 1010693
1033876 1037877
1058986 1062987
1086942 1090943
1112430 1116431
1116581 1120582
1140074 1144075
1166687 1170688
1192518 1196519
1196694 1200695
1219481 1223482
1245735 1249736