832448
85660 89661
99314 103315
106299 110300
112783 116784
118868 122869
125833 129834
132598 136599
139873 143874
146295 150296
152911 156912
159705 163706
166431 170432
170591 174592
174617 178618
180480 184481
187666 191667
194451 198452
198644 202645
202794 206795
207635 211636
213574 217575
220419 224420
227304 231305
231492 235493
240540 244541
244569 248570
248653 252654
254225 258226
261089 265090
267709 271710
274803 278804
278879 282880
282935 286936
287801 291802
294455 298456
301642 305643
309999 314000
315250 319251
322093 326094
328023 332024
336084 340085
340292 344293
344376 348377
349069 353070
355763 359764
362368 366369
369234 373235
375632 379633
382794 386795
390288 394289
396445 400446
402812 406813
406970 410971
416471 420472
420659 424660
429309 433310
433421 437422
442589 446590
448989 452990
453016 457017
457213 461214
462792 466793
469767 473768
475998 479999
482125 486126
488573 492574
492760 496761
501902 505903
508516 512517
512667 516668
521583 525584
528368 532369
534272 538273
541070 545071
547211 551212
553433 557434
560022 564023
566295 570296
573354 577355
579594 583595
586674 590675
593390 597391
597542 601543
601750 605751
606622 610623
613340 617341
619725 623726
623885 627886
627945 631946
633341 637342
639975 643976
646698 650699
653311 657312
660445 664446
666658 670659
673945 677946
680494 684495
687344 691345
691465 695466
700500 704501
708121 712122
713907 717908
719954 723955
726733 730734
730922 734923
735020 739021
739918 743919
746602 750603
754402 758403
760574 764575
767359 771360
774035 778036
778228 782229