87772 91773
101426 105427
108411 112412
114895 118896
120980 124981
127945 131946
134710 138711
141985 145986
148407 152408
155023 159024
161817 165818
168543 172544
172703 176704
176729 180730
182592 186593
189778 193779
196563 200564
200756 204757
204906 208907
209747 213748
215686 219687
222531 226532
229416 233417
233604 237605
242652 246653
246681 250682
250765 254766
256337 260338
263201 267202
269821 273822
276915 280916
280991 284992
285047 289048
289913 293914
296567 300568
303754 307755
312111 316112
317362 321363
324205 328206
330135 334136
338196 342197
342404 346405
346488 350489
351181 355182
357875 361876
364480 368481
371346 375347
377744 381745
384906 388907
392400 396401
398557 402558
404924 408925
409082 413083
418583 422584
422771 426772
431421 435422
435533 439534
444701 448702
451101 455102
455128 459129
459325 463326
464904 468905
471879 475880
478110 482111
484237 488238
490685 494686
494872 498873
504014 508015
510628 514629
514779 518780
523695 527696
530480 534481
536384 540385
543182 547183
549323 553324
555545 559546
562134 566135
568407 572408
575466 579467
581706 585707
588786 592787
595502 599503
599654 603655
603862 607863
608734 612735
615452 619453
621837 625838
625997 629998
630057 634058
635453 639454
642087 646088
648810 652811
655423 659424
662557 666558
668770 672771
676057 680058
682606 686607
689456 693457
693577 697578
702612 706613
710233 714234
716019 720020
722066 726067
728845 732846
733034 737035
737132 741133
742030 746031
748714 752715
756514 760515
762686 766687
769471 773472
776147 780148
780340 784341