294272
4317 8318
9076 13077
13341 17342
20952 24953
29097 33098
33974 37975
37977 41978
44877 48878
49163 53164
53166 57167
57249 61250
64587 68588
68588 72589
72638 76639
76683 80684
80764 84765
84770 88771
92013 96014
100239 104240
104296 108297
108352 112353
112859 116860
116860 120861
120873 124874
124945 128946
129019 133020
133485 137486
137876 141877
142126 146127
146130 150131
150161 154162
154605 158606
158633 162634
162735 166736
166752 170753
170968 174969
174971 178972
179110 183111
183111 187112
187118 191119
191161 195162
195201 199202
199204 203205
203205 207206
207238 211239
211280 215281
215285 219286
219286 223287
223668 227669
227743 231744
232063 236064
236078 240079
240161 244162
244630 248631
248631 252632
252632 256633
256648 260649
260649 264650
264652 268653