385024
49572 53573
53622 57623
58058 62059
62133 66134
66624 70625
71209 75210
75618 79619
79759 83760
84442 88443
88543 92544
92545 96546
97492 101493
101566 105567
105652 109653
109701 113702
114239 118240
118240 122241
122539 126540
126577 130578
131318 135319
135386 139387
139387 143388
143818 147819
147955 151956
152275 156276
156342 160343
160856 164857
165006 169007
169358 173359
173901 177902
178081 182082
182128 186129
186316 190317
190931 194932
194968 198969
199515 203516
204137 208138
208149 212150
212347 216348
216348 220349
220607 224608
224608 228609
229708 233709
233709 237710
238235 242236
242239 246240
246787 250788
250795 254796
255319 259320
259390 263391
263442 267443
268411 272412
272754 276755
277064 281065
281391 285392
286082 290083
290104 294105
294345 298346
298841 302842
303010 307011
307035 311036
311262 315263
315263 319264
320350 324351