2938832
7859 11860
17697 21698
27691 31692
36282 40283
45689 49690
54424 58425
63776 67777
72859 76860
81990 85991
91726 95727
101195 105196
105366 109367
109727 113728
119398 123399
128615 132616
137854 141855
142008 146009
147055 151056
156609 160610
160766 164767
165312 169313
169447 173448
174959 178960
183733 187734
187891 191892
193500 197501
197664 201665
202556 206557
211918 215919
216081 220082
221260 225261
230573 234574
239745 243746
259225 263226
268017 272018
277021 281022
285592 289593
294631 298632
303400 307401
312024 316025
331004 335005
349926 353927
358444 362445
362603 366604
367776 371777
371916 375917
384289 388290
393538 397539
402353 406354
406512 410513
420108 424109
437903 441904
455873 459874
464793 468794
474464 478465
493467 497468
503261 507262
507412 511413
512318 516319
531138 535139
540863 544864
551255 555256
560909 564910
565071 569072
570970 574971
575012 579013
588988 592989
608538 612539
619461 623462
647181 651182
655076 659077
664164 668165
681697 685698
713912 717913
725773 729774
735888 739889
743630 747631
747803 751804
761447 765448
780106 784107
794032 798033
805874 809875
812705 816706
823547 827548
830862 834863
835007 839008
848026 852027
871041 875042
890717 894718
895702 899703
902732 906733
928480 932481
939287 943288
950815 954816
966259 970260
973147 977148
980047 984048
994037 998038
1020307 1024308
1026941 1030942
1031103 1035104
1035104 1039105
1046487 1050488
1055855 1059856
1063445 1067446
1074312 1078313
1085589 1089590
1094818 1098819
1103774 1107775
1120742 1124743
1134022 1138023
1155616 1159617
1161616 1165617
1167578 1171579
1174135 1178136
1178289 1182290
1182469 1186470
1186524 1190525
1191309 1195310
1200194 1204195
1204930 1208931
1217378 1221379
1230375 1234376
1254602 1258603
1261867 1265868
1266977 1270978
1273870 1277871
1279995 1283996
1286565 1290566
1293910 1297911
1305712 1309713
1316103 1320104
1323429 1327430
1327467 1331468
1332535 1336536
1336716 1340717
1344898 1348899
1355697 1359698
1376067 1380068
1381752 1385753
1386528 1390529
1391871 1395872
1396111 1400112
1402320 1406321
1406513 1410514
1415715 1419716
1427924 1431925
1437741 1441742
1441742 1445743
1446626 1450627
1451106 1455107
1455107 1459108
1459899 1463900
1472471 1476472
1493002 1497003
1497013 1501014
1501014 1505015
1505016 1509017
1509023 1513024
1513036 1517037
1517053 1521054
1521054 1525055
1525056 1529057
1529245 1533246
1533246 1537247
1537252 1541253
1541262 1545263
1545263 1549264
1549919 1553920
1567764 1571765
1586220 1590221
1593616 1597617
1598874 1602875
1615302 1619303
1638299 1642300
1644479 1648480
1650828 1654829
1656980 1660981
1664506 1668507
1678695 1682696
1691915 1695916
1701046 1705047
1727544 1731545
1744870 1748871
1754547 1758548
1761799 1765800
1768291 1772292
1772442 1776443
1779932 1783933
1785688 1789689
1789698 1793699
1796296 1800297
1807868 1811869
1818809 1822810
1827289 1831290
1834221 1838222
1841630 1845631
1850021 1854022
1857436 1861437
1864662 1868663
1871488 1875489
1878811 1882812
1885069 1889070
1892784 1896785
1900551 1904552
1909494 1913495
1923437 1927438
1935626 1939627
1942692 1946693
1948977 1952978
1956985 1960986
1966980 1970981
1981316 1985317
1989252 1993253
1997656 2001657
2007886 2011887
2015297 2019298
2037487 2041488
2047688 2051689
2055129 2059130
2067144 2071145
2079183 2083184
2095640 2099641
2102922 2106923
2110174 2114175
2117246 2121247
2133011 2137012
2147635 2151636
2157735 2161736
2164211 2168212
2168322 2172323
2172784 2176785
2179092 2183093
2186615 2190616
2197156 2201157
2205969 2209970
2212943 2216944
2219858 2223859
2226857 2230858
2234058 2238059
2242817 2246818
2249820 2253821
2260618 2264619
2270774 2274775
2281229 2285230
2291078 2295079
2298910 2302911
2307142 2311143
2314711 2318712
2322275 2326276
2328751 2332752
2336766 2340767
2343198 2347199
2350155 2354156
2357420 2361421
2363922 2367923
2371334 2375335
2379031 2383032
2386153 2390154
2392681 2396682
2399355 2403356
2405596 2409597
2412600 2416601
2418568 2422569
2424718 2428719
2431842 2435843
2446375 2450376
2460857 2464858
2468522 2472523
2475004 2479005
2482669 2486670
2488389 2492390
2492535 2496536
2499842 2503843
2508356 2512357
2514798 2518799
2525653 2529654
2532817 2536818
2541118 2545119
2547317 2551318
2553164 2557165
2559628 2563629
2568176 2572177
2575227 2579228
2589126 2593127
2597869 2601870
2603900 2607901
2608450 2612451
2615779 2619780
2623075 2627076
2630591 2634592
2638568 2642569
2654411 2658412
2667715 2671716
2686264 2690265
2692458 2696459
2697348 2701349
2702821 2706822
2708339 2712340
2718943 2722944
2725337 2729338
2738665 2742666
2744763 2748764
2757599 2761600
2764553 2768554
2773514 2777515
2781717 2785718
2791348 2795349
2797721 2801722
2804999 2809000
2810147 2814148
2820235 2824236
2826216 2830217
2836101 2840102
2841458 2845459
2847192 2851193
2852664 2856665
2858561 2862562
2863990 2867991
2877696 2881697
2883987 2887988
2894670 2898671
2900754 2904755
2912097 2916098
2916151 2920152
2922695 2926696
2927276 2931277