3287616
17867 21868
22104 26105
27948 31949
34306 38307
38307 42308
43279 47280
48985 52986
53931 57932
66060 70061
76588 80589
87512 91513
98935 102936
118587 122588
122753 126754
129749 133750
140418 144419
152127 156128
163268 167269
174330 178331
179201 183202
183228 187229
187711 191712
191771 195772
195950 199951
201088 205089
205274 209275
211862 215863
217183 221184
222061 226062
227887 231888
232067 236068
238204 242205
244704 248705
249549 253550
253937 257938
260078 264079
264171 268172
269343 273344
275498 279499
279555 283556
285685 289686
294419 298420
307598 311599
318868 322869
331531 335532
343486 347487
354783 358784
365601 369602
371399 375400
376457 380458
381775 385776
386977 390978
392439 396440
398117 402118
404113 408114
409659 413660
414550 418551
420390 424391
430397 434398
435586 439587
441927 445928
447504 451505
451529 455530
457339 461340
462690 466691
467740 471741
473625 477626
478669 482670
482820 486821
486940 490941
490944 494945
495361 499362
500019 504020
505274 509275
509455 513456
516194 520195
520345 524346
527963 531964
532153 536154
539434 543435
544370 548371
550511 554512
555314 559315
560992 564993
566241 570242
571492 575493
576718 580719
580869 584870
587916 591917
593383 597384
597419 601420
604141 608142
610473 614474
615198 619199
620873 624874
626356 630357
631170 635171
637223 641224
641785 645786
647304 651305
651347 655348
655713 659714
665827 669828
669828 673829
673838 677839
677866 681867
681911 685912
686096 690097
690097 694098
701190 705191
705240 709241
738924 742925
744001 748002
761126 765127
765698 769699
770714 774715
776696 780697
782013 786014
804180 808181
826610 830611
842463 846464
853527 857528
869230 873231
875299 879300
890856 894857
914322 918323
941669 945670
947915 951916
960380 964381
970926 974927
976628 980629
987694 991695
996150 1000151
1009003 1013004
1021910 1025911
1027316 1031317
1038867 1042868
1049934 1053935
1061029 1065030
1066148 1070149
1078480 1082481
1089086 1093087
1101764 1105765
1113236 1117237
1119045 1123046
1124970 1128971
1130668 1134669
1136074 1140075
1141568 1145569
1148252 1152253
1152993 1156994
1158787 1162788
1164103 1168104
1169432 1173433
1175446 1179447
1179952 1183953
1184144 1188145
1191510 1195511
1196201 1200202
1201579 1205580
1207372 1211373
1213413 1217414
1218318 1222319
1223248 1227249
1229039 1233040
1235660 1239661
1239998 1243999
1244827 1248828
1251178 1255179
1257134 1261135
1262872 1266873
1266983 1270984
1273698 1277699
1278583 1282584
1289663 1293664
1295047 1299048
1299216 1303217
1306444 1310445
1311173 1315174
1316660 1320661
1320806 1324807
1328400 1332401
1333421 1337422
1338673 1342674
1342831 1346832
1349637 1353638
1353992 1357993
1360862 1364863
1366463 1370464
1372047 1376048
1377199 1381200
1387699 1391700
1393664 1397665
1398165 1402166
1403932 1407933
1408936 1412937
1414182 1418183
1419430 1423431
1424679 1428680
1428832 1432833
1447307 1451308
1457611 1461612
1461623 1465624
1465624 1469625
1469631 1473632
1479559 1483560
1491073 1495074
1496488 1500489
1502638 1506639
1507041 1511042
1513551 1517552
1534819 1538820
1546049 1550050
1550067 1554068
1554090 1558091
1558099 1562100
1568910 1572911
1579426 1583427
1586009 1590010
1592340 1596341
1603658 1607659
1626560 1630561
1632607 1636608
1638126 1642127
1643990 1647991
1656567 1660568
1668353 1672354
1679965 1683966
1692082 1696083
1697542 1701543
1703386 1707387
1708495 1712496
1713900 1717901
1718875 1722876
1724587 1728588
1736053 1740054
1747669 1751670
1760949 1764950
1766109 1770110
1771841 1775842
1778116 1782117
1783278 1787279
1789289 1793290
1793449 1797450
1800560 1804561
1805824 1809825
1810014 1814015
1817212 1821213
1828653 1832654
1832851 1836852
1839907 1843908
1851500 1855501
1856595 1860596
1862732 1866733
1868324 1872325
1873367 1877368
1884735 1888736
1896778 1900779
1908317 1912318
1920677 1924678
1954846 1958847
1958874 1962875
2005660 2009661
2009865 2013866
2043755 2047756
2056396 2060397
2072430 2076431
2090236 2094237
2102182 2106183
2106359 2110360
2119382 2123383
2123561 2127562
2137821 2141822
2150060 2154061
2154203 2158204
2158204 2162205
2165256 2169257
2173508 2177509
2196453 2200454
2200614 2204615
2207516 2211517
2212619 2216620
2217989 2221990
2222215 2226216
2230070 2234071
2234214 2238215
2240910 2244911
2252821 2256822
2265112 2269113
2269295 2273296
2286611 2290612
2291299 2295300
2297662 2301663
2303235 2307236
2308638 2312639
2312834 2316835
2320844 2324845
2332430 2336431
2336584 2340585
2344555 2348556
2356100 2360101
2360254 2364255
2377626 2381627
2381667 2385668
2389397 2393398
2395147 2399148
2406596 2410597
2410742 2414743
2418423 2422424
2422614 2426615
2430347 2434348
2434501 2438502
2441761 2445762
2448167 2452168
2453930 2457931
2459133 2463134
2464154 2468155
2469540 2473541
2485161 2489162
2498785 2502786
2502934 2506935
2510183 2514184
2521381 2525382
2532710 2536711
2538098 2542099
2544224 2548225
2548707 2552708
2554337 2558338
2559872 2563873
2564021 2568022
2583024 2587025
2594482 2598483
2600342 2604343
2605553 2609554
2616646 2620647
2621523 2625524
2627415 2631416
2631595 2635596
2638425 2642426
2644272 2648273
2649476 2653477
2653488 2657489
2673737 2677738
2698304 2702305
2709297 2713298
2714727 2718728
2720229 2724230
2724330 2728331
2731185 2735186
2736591 2740592
2741902 2745903
2766935 2770936
2771053 2775054
2790410 2794411
2801884 2805885
2807579 2811580
2812524 2816525
2829636 2833637
2834967 2838968
2857855 2861856
3014904 3018905
3026172 3030173
3083140 3087141
3115557 3119558
3134891 3138892
3158874 3162875
3202053 3206054
3224326 3228327
3246787 3250788