39819 43820
44056 48057
49900 53901
56258 60259
60259 64260
65231 69232
70937 74938
75883 79884
88012 92013
98540 102541
109464 113465
120887 124888
140539 144540
144705 148706
151701 155702
162370 166371
174079 178080
185220 189221
196282 200283
201153 205154
205180 209181
209663 213664
213723 217724
217902 221903
223040 227041
227226 231227
233814 237815
239135 243136
244013 248014
249839 253840
254019 258020
260156 264157
266656 270657
271501 275502
275889 279890
282030 286031
286123 290124
291295 295296
297450 301451
301507 305508
307637 311638
316371 320372
329550 333551
340820 344821
353483 357484
365438 369439
376735 380736
387553 391554
393351 397352
398409 402410
403727 407728
408929 412930
414391 418392
420069 424070
426065 430066
431611 435612
436502 440503
442342 446343
452349 456350
457538 461539
463879 467880
469456 473457
473481 477482
479291 483292
484642 488643
489692 493693
495577 499578
500621 504622
504772 508773
508892 512893
512896 516897
517313 521314
521971 525972
527226 531227
531407 535408
538146 542147
542297 546298
549915 553916
554105 558106
561386 565387
566322 570323
572463 576464
577266 581267
582944 586945
588193 592194
593444 597445
598670 602671
602821 606822
609868 613869
615335 619336
619371 623372
626093 630094
632425 636426
637150 641151
642825 646826
648308 652309
653122 657123
659175 663176
663737 667738
669256 673257
673299 677300
677665 681666
687779 691780
691780 695781
695790 699791
699818 703819
703863 707864
708048 712049
712049 716050
723142 727143
727192 731193
760876 764877
765953 769954
783078 787079
787650 791651
792666 796667
798648 802649
803965 807966
826132 830133
848562 852563
864415 868416
875479 879480
891182 895183
897251 901252
912808 916809
936274 940275
963621 967622
969867 973868
982332 986333
992878 996879
998580 1002581
1009646 1013647
1018102 1022103
1030955 1034956
1043862 1047863
1049268 1053269
1060819 1064820
1071886 1075887
1082981 1086982
1088100 1092101
1100432 1104433
1111038 1115039
1123716 1127717
1135188 1139189
1140997 1144998
1146922 1150923
1152620 1156621
1158026 1162027
1163520 1167521
1170204 1174205
1174945 1178946
1180739 1184740
1186055 1190056
1191384 1195385
1197398 1201399
1201904 1205905
1206096 1210097
1213462 1217463
1218153 1222154
1223531 1227532
1229324 1233325
1235365 1239366
1240270 1244271
1245200 1249201
1250991 1254992
1257612 1261613
1261950 1265951
1266779 1270780
1273130 1277131
1279086 1283087
1284824 1288825
1288935 1292936
1295650 1299651
1300535 1304536
1311615 1315616
1316999 1321000
1321168 1325169
1328396 1332397
1333125 1337126
1338612 1342613
1342758 1346759
1350352 1354353
1355373 1359374
1360625 1364626
1364783 1368784
1371589 1375590
1375944 1379945
1382814 1386815
1388415 1392416
1393999 1398000
1399151 1403152
1409651 1413652
1415616 1419617
1420117 1424118
1425884 1429885
1430888 1434889
1436134 1440135
1441382 1445383
1446631 1450632
1450784 1454785
1469259 1473260
1479563 1483564
1483575 1487576
1487576 1491577
1491583 1495584
1501511 1505512
1513025 1517026
1518440 1522441
1524590 1528591
1528993 1532994
1535503 1539504
1556771 1560772
1568001 1572002
1572019 1576020
1576042 1580043
1580051 1584052
1590862 1594863
1601378 1605379
1607961 1611962
1614292 1618293
1625610 1629611
1648512 1652513
1654559 1658560
1660078 1664079
1665942 1669943
1678519 1682520
1690305 1694306
1701917 1705918
1714034 1718035
1719494 1723495
1725338 1729339
1730447 1734448
1735852 1739853
1740827 1744828
1746539 1750540
1758005 1762006
1769621 1773622
1782901 1786902
1788061 1792062
1793793 1797794
1800068 1804069
1805230 1809231
1811241 1815242
1815401 1819402
1822512 1826513
1827776 1831777
1831966 1835967
1839164 1843165
1850605 1854606
1854803 1858804
1861859 1865860
1873452 1877453
1878547 1882548
1884684 1888685
1890276 1894277
1895319 1899320
1906687 1910688
1918730 1922731
1930269 1934270
1942629 1946630
1976798 1980799
1980826 1984827
2027612 2031613
2031817 2035818
2065707 2069708
2078348 2082349
2094382 2098383
2112188 2116189
2124134 2128135
2128311 2132312
2141334 2145335
2145513 2149514
2159773 2163774
2172012 2176013
2176155 2180156
2180156 2184157
2187208 2191209
2195460 2199461
2218405 2222406
2222566 2226567
2229468 2233469
2234571 2238572
2239941 2243942
2244167 2248168
2252022 2256023
2256166 2260167
2262862 2266863
2274773 2278774
2287064 2291065
2291247 2295248
2308563 2312564
2313251 2317252
2319614 2323615
2325187 2329188
2330590 2334591
2334786 2338787
2342796 2346797
2354382 2358383
2358536 2362537
2366507 2370508
2378052 2382053
2382206 2386207
2399578 2403579
2403619 2407620
2411349 2415350
2417099 2421100
2428548 2432549
2432694 2436695
2440375 2444376
2444566 2448567
2452299 2456300
2456453 2460454
2463713 2467714
2470119 2474120
2475882 2479883
2481085 2485086
2486106 2490107
2491492 2495493
2507113 2511114
2520737 2524738
2524886 2528887
2532135 2536136
2543333 2547334
2554662 2558663
2560050 2564051
2566176 2570177
2570659 2574660
2576289 2580290
2581824 2585825
2585973 2589974
2604976 2608977
2616434 2620435
2622294 2626295
2627505 2631506
2638598 2642599
2643475 2647476
2649367 2653368
2653547 2657548
2660377 2664378
2666224 2670225
2671428 2675429
2675440 2679441
2695689 2699690
2720256 2724257
2731249 2735250
2736679 2740680
2742181 2746182
2746282 2750283
2753137 2757138
2758543 2762544
2763854 2767855
2788887 2792888
2793005 2797006
2812362 2816363
2823836 2827837
2829531 2833532
2834476 2838477
2851588 2855589
2856919 2860920
2879807 2883808
3036856 3040857
3048124 3052125
3105092 3109093
3137509 3141510
3156843 3160844
3180826 3184827
3224005 3228006
3246278 3250279
3268739 3272740