2007184
17605 21606
25161 29162
31332 35333
39238 43239
46378 50379
53386 57387
60660 64661
67943 71944
75308 79309
83045 87046
90358 94359
98042 102043
105802 109803
112969 116970
121597 125598
129044 133045
137320 141321
144962 148963
153272 157273
160809 164810
168264 172265
177802 181803
184541 188542
193195 197196
199500 203501
206999 211000
214738 218739
221533 225534
229909 233910
237459 241460
245279 249280
252869 256870
261547 265548
268665 272666
278129 282130
285354 289355
295141 299142
304246 308247
314974 318975
323525 327526
333021 337022
343292 347293
351540 355541
360640 364641
369275 373276
378282 382283
386824 390825
394459 398460
403701 407702
410950 414951
419312 423313
427487 431488
435998 439999
444166 448167
453000 457001
460656 464657
469381 473382
476550 480551
484619 488620
492039 496040
499708 503709
507279 511280
514897 518898
522553 526554
530272 534273
537626 541627
544853 548854
552015 556016
559521 563522
567200 571201
574785 578786
582010 586011
590344 594345
597522 601523
605480 609481
612776 616777
620738 624739
629184 633185
636959 640960
644156 648157
652389 656390
660540 664541
667827 671828
675934 679935
683680 687681
691214 695215
699794 703795
706765 710766
715532 719533
723633 727634
731627 735628
738984 742985
747384 751385
756028 760029
764126 768127
771988 775989
780555 784556
788626 792627
796527 800528
804937 808938
813526 817527
821340 825341
829698 833699
838220 842221
847556 851557
856816 860817
864741 868742
873486 877487
882358 886359
890094 894095
898999 903000
907015 911016
915476 919477
923668 927669
932897 936898
940628 944629
949405 953406
957998 961999
966523 970524
974133 978134
982823 986824
990438 994439
998737 1002738
1006637 1010638
1015649 1019650
1023348 1027349
1032624 1036625
1040512 1044513
1048557 1052558
1056825 1060826
1065619 1069620
1073008 1077009
1081745 1085746
1089744 1093745
1098499 1102500
1106171 1110172
1114777 1118778
1122801 1126802
1131611 1135612
1140074 1144075
1148507 1152508
1156530 1160531
1165183 1169184
1172710 1176711
1181179 1185180
1188910 1192911
1197385 1201386
1205385 1209386
1213548 1217549
1221048 1225049
1229960 1233961
1237829 1241830
1245799 1249800
1253708 1257709
1261800 1265801
1270720 1274721
1279279 1283280
1287266 1291267
1295681 1299682
1304308 1308309
1312579 1316580
1321090 1325091
1328982 1332983
1337240 1341241
1344901 1348902
1362624 1366625
1379037 1383038
1386680 1390681
1394485 1398486
1402600 1406601
1410674 1414675
1418221 1422222
1426128 1430129
1433613 1437614
1442582 1446583
1449660 1453661
1457571 1461572
1465702 1469703
1474159 1478160
1483147 1487148
1490888 1494889
1498784 1502785
1507092 1511093
1516072 1520073
1524063 1528064
1531817 1535818
1539482 1543483
1547388 1551389
1555893 1559894
1564055 1568056
1572749 1576750
1580328 1584329
1588510 1592511
1596374 1600375
1604869 1608870
1612609 1616610
1620744 1624745
1628917 1632918
1636826 1640827
1644798 1648799
1653231 1657232
1661474 1665475
1670105 1674106
1685867 1689868
1693171 1697172
1701797 1705798
1708613 1712614
1717216 1721217
1724965 1728966
1732580 1736581
1740690 1744691
1749622 1753623
1757169 1761170
1765037 1769038
1772241 1776242
1780713 1784714
1787602 1791603
1796292 1800293
1803859 1807860
1812892 1816893
1819563 1823564
1828065 1832066
1835880 1839881
1843952 1847953
1851868 1855869
1860694 1864695
1868441 1872442
1876533 1880534
1883621 1887622
1891309 1895310
1899745 1903746
1907285 1911286
1915573 1919574
1923676 1927677
1931641 1935642
1939358 1943359
1946705 1950706
1955780 1959781