405557 409558
413113 417114
419284 423285
427190 431191
434330 438331
441338 445339
448612 452613
455895 459896
463260 467261
470997 474998
478310 482311
485994 489995
493754 497755
500921 504922
509549 513550
516996 520997
525272 529273
532914 536915
541224 545225
548761 552762
556216 560217
565754 569755
572493 576494
581147 585148
587452 591453
594951 598952
602690 606691
609485 613486
617861 621862
625411 629412
633231 637232
640821 644822
649499 653500
656617 660618
666081 670082
673306 677307
683093 687094
692198 696199
702926 706927
711477 715478
720973 724974
731244 735245
739492 743493
748592 752593
757227 761228
766234 770235
774776 778777
782411 786412
791653 795654
798902 802903
807264 811265
815439 819440
823950 827951
832118 836119
840952 844953
848608 852609
857333 861334
864502 868503
872571 876572
879991 883992
887660 891661
895231 899232
902849 906850
910505 914506
918224 922225
925578 929579
932805 936806
939967 943968
947473 951474
955152 959153
962737 966738
969962 973963
978296 982297
985474 989475
993432 997433
1000728 1004729
1008690 1012691
1017136 1021137
1024911 1028912
1032108 1036109
1040341 1044342
1048492 1052493
1055779 1059780
1063886 1067887
1071632 1075633
1079166 1083167
1087746 1091747
1094717 1098718
1103484 1107485
1111585 1115586
1119579 1123580
1126936 1130937
1135336 1139337
1143980 1147981
1152078 1156079
1159940 1163941
1168507 1172508
1176578 1180579
1184479 1188480
1192889 1196890
1201478 1205479
1209292 1213293
1217650 1221651
1226172 1230173
1235508 1239509
1244768 1248769
1252693 1256694
1261438 1265439
1270310 1274311
1278046 1282047
1286951 1290952
1294967 1298968
1303428 1307429
1311620 1315621
1320849 1324850
1328580 1332581
1337357 1341358
1345950 1349951
1354475 1358476
1362085 1366086
1370775 1374776
1378390 1382391
1386689 1390690
1394589 1398590
1403601 1407602
1411300 1415301
1420576 1424577
1428464 1432465
1436509 1440510
1444777 1448778
1453571 1457572
1460960 1464961
1469697 1473698
1477696 1481697
1486451 1490452
1494123 1498124
1502729 1506730
1510753 1514754
1519563 1523564
1528026 1532027
1536459 1540460
1544482 1548483
1553135 1557136
1560662 1564663
1569131 1573132
1576862 1580863
1585337 1589338
1593337 1597338
1601500 1605501
1609000 1613001
1617912 1621913
1625781 1629782
1633751 1637752
1641660 1645661
1649752 1653753
1658672 1662673
1667231 1671232
1675218 1679219
1683633 1687634
1692260 1696261
1700531 1704532
1709042 1713043
1716934 1720935
1725192 1729193
1732853 1736854
1750576 1754577
1766989 1770990
1774632 1778633
1782437 1786438
1790552 1794553
1798626 1802627
1806173 1810174
1814080 1818081
1821565 1825566
1830534 1834535
1837612 1841613
1845523 1849524
1853654 1857655
1862111 1866112
1871099 1875100
1878840 1882841
1886736 1890737
1895044 1899045
1904024 1908025
1912015 1916016
1919769 1923770
1927434 1931435
1935340 1939341
1943845 1947846
1952007 1956008
1960701 1964702
1968280 1972281
1976462 1980463
1984326 1988327
1992821 1996822
2000561 2004562
2008696 2012697
2016869 2020870
2024778 2028779
2032750 2036751
2041183 2045184
2049426 2053427
2058057 2062058
2073819 2077820
2081123 2085124
2089749 2093750
2096565 2100566
2105168 2109169
2112917 2116918
2120532 2124533
2128642 2132643
2137574 2141575
2145121 2149122
2152989 2156990
2160193 2164194
2168665 2172666
2175554 2179555
2184244 2188245
2191811 2195812
2200844 2204845
2207515 2211516
2216017 2220018
2223832 2227833
2231904 2235905
2239820 2243821
2248646 2252647
2256393 2260394
2264485 2268486
2271573 2275574
2279261 2283262
2287697 2291698
2295237 2299238
2303525 2307526
2311628 2315629
2319593 2323594
2327310 2331311
2334657 2338658
2343732 2347733