999232
8540 12541
17761 21762
27393 31394
36808 40809
46861 50862
55830 59831
65775 69776
75491 79492
85238 89239
95132 99133
104825 108826
114351 118352
124412 128413
134374 138375
144446 148447
154888 158889
164982 168983
175010 179011
184869 188870
194184 198185
203882 207883
213566 217567
223972 227973
234119 238120
243815 247816
253700 257701
264338 268339
273995 277996
284163 288164
293350 297351
303613 307614
313381 317382
323263 327264
333134 337135
343095 347096
352961 356962
362880 366881
372629 376630
382274 386275
391284 395285
401669 405670
410428 414429
420578 424579
430463 434464
440983 444984
450016 454017
460408 464409
470836 474837
480261 484262
490602 494603
500452 504453
510212 514213
520459 524460
530292 534293
540802 544803
550523 554524
560067 564068
569497 573498
580232 584233
590866 594867
600717 604718
610597 614598
620526 624527
630582 634583
640743 644744
650198 654199
660414 664415
670527 674528
680620 684621
690355 694356
700531 704532
711117 715118
721015 725016
731113 735114
741191 745192
745552 749553
751076 755077
761235 765236
771544 775545
781748 785749
791588 795589
801870 805871
811330 815331
821547 825548
831465 835466
841840 845841
851317 855318
861381 865382
871694 875695
881883 885884
891493 895494
901813 905814
911813 915814
921325 925326
930988 934989
941395 945396
951488 955489