48141 52142
131612 135613
140833 144834
150465 154466
159880 163881
169933 173934
178902 182903
188847 192848
198563 202564
208310 212311
218204 222205
227897 231898
237423 241424
247484 251485
257446 261447
267518 271519
277960 281961
288054 292055
298082 302083
307941 311942
317256 321257
326954 330955
336638 340639
347044 351045
357191 361192
366887 370888
376772 380773
387410 391411
397067 401068
407235 411236
416422 420423
426685 430686
436453 440454
446335 450336
456206 460207
466167 470168
476033 480034
485952 489953
495701 499702
505346 509347
514356 518357
524741 528742
533500 537501
543650 547651
553535 557536
564055 568056
573088 577089
583480 587481
593908 597909
603333 607334
613674 617675
623524 627525
633284 637285
643531 647532
653364 657365
663874 667875
673595 677596
683139 687140
692569 696570
703304 707305
713938 717939
723789 727790
733669 737670
743598 747599
753654 757655
763815 767816
773270 777271
783486 787487
793599 797600
803692 807693
813427 817428
823603 827604
834189 838190
844087 848088
854185 858186
864263 868264
868624 872625
874148 878149
884307 888308
894616 898617
904820 908821
914660 918661
924942 928943
934402 938403
944619 948620
954537 958538
964912 968913
974389 978390
984453 988454
994766 998767
1004955 1008956
1014565 1018566
1024885 1028886
1034885 1038886
1044397 1048398
1054060 1058061
1064467 1068468
1074560 1078561