1098848
5972 9973
13492 17493
20640 24641
28456 32457
36080 40081
43730 47731
51412 55413
58842 62843
62883 66884
66884 70885
74173 78174
81827 85828
89581 93582
97069 101070
104726 108727
112701 116702
116853 120854
120856 124857
127571 131572
131727 135728
135729 139730
142464 146465
146607 150608
150608 154609
158217 162218
165732 169733
169894 173895
174116 178117
178270 182271
182271 186272
189176 193177
193331 197332
197372 201373
204610 208611
212501 216502
220279 224280
224432 228433
228433 232434
235843 239844
243672 247673
251198 255199
255350 259351
259351 263352
266647 270648
273992 277993
282009 286010
286165 290166
290166 294167
297285 301286
301448 305449
305449 309450
312715 316716
316866 320867
320966 324967
328667 332668
332824 336825
337163 341164
344847 348848
353094 357095
360770 364771
368170 372171
376375 380376
383892 387893
391900 395901
399663 403664
407513 411514
411668 415669
415704 419705
419858 423859
423879 427880
431328 435329
439549 443550
447352 451353
455131 459132
463400 467401
467499 471500
471585 475586
479651 483652
487696 491697
496106 500107
503539 507540
511887 515888
520223 524224
528199 532200
536521 540522
544743 548744
552222 556223
560645 564646
568433 572434
576315 580316
584577 588578
592552 596553
600710 604711
608867 612868
617030 621031
625193 629194
633197 637198
641890 645891
650621 654622
658586 662587
666876 670877
675102 679103
682831 686832
691582 695583
699717 703718
707812 711813
715964 719965
723532 727533
731698 735699
739471 743472
747976 751977
756309 760310
764239 768240
772966 776967
780923 784924
788894 792895
797341 801342
805976 809977
813850 817851
822444 826445
830532 834533
838208 842209
846105 850106
854613 858614
862659 866660
870467 874468
878896 882897
887108 891109
895306 899307
899393 903394
903403 907404
911550 915551
919793 923794
928046 932047
935761 939762
944240 948241
953083 957084
960885 964886
968838 972839
977340 981341
985739 989740
993900 997901
1001877 1005878
1010013 1014014
1018077 1022078
1026279 1030280
1034427 1038428
1042730 1046731
1051091 1055092
1058958 1062959
1067205 1071206
1075160 1079161
1083208 1087209