59124 63125
66644 70645
73792 77793
81608 85609
89232 93233
96882 100883
104564 108565
111994 115995
116035 120036
120036 124037
127325 131326
134979 138980
142733 146734
150221 154222
157878 161879
165853 169854
170005 174006
174008 178009
180723 184724
184879 188880
188881 192882
195616 199617
199759 203760
203760 207761
211369 215370
218884 222885
223046 227047
227268 231269
231422 235423
235423 239424
242328 246329
246483 250484
250524 254525
257762 261763
265653 269654
273431 277432
277584 281585
281585 285586
288995 292996
296824 300825
304350 308351
308502 312503
312503 316504
319799 323800
327144 331145
335161 339162
339317 343318
343318 347319
350437 354438
354600 358601
358601 362602
365867 369868
370018 374019
374118 378119
381819 385820
385976 389977
390315 394316
397999 402000
406246 410247
413922 417923
421322 425323
429527 433528
437044 441045
445052 449053
452815 456816
460665 464666
464820 468821
468856 472857
473010 477011
477031 481032
484480 488481
492701 496702
500504 504505
508283 512284
516552 520553
520651 524652
524737 528738
532803 536804
540848 544849
549258 553259
556691 560692
565039 569040
573375 577376
581351 585352
589673 593674
597895 601896
605374 609375
613797 617798
621585 625586
629467 633468
637729 641730
645704 649705
653862 657863
662019 666020
670182 674183
678345 682346
686349 690350
695042 699043
703773 707774
711738 715739
720028 724029
728254 732255
735983 739984
744734 748735
752869 756870
760964 764965
769116 773117
776684 780685
784850 788851
792623 796624
801128 805129
809461 813462
817391 821392
826118 830119
834075 838076
842046 846047
850493 854494
859128 863129
867002 871003
875596 879597
883684 887685
891360 895361
899257 903258
907765 911766
915811 919812
923619 927620
932048 936049
940260 944261
948458 952459
952545 956546
956555 960556
964702 968703
972945 976946
981198 985199
988913 992914
997392 1001393
1006235 1010236
1014037 1018038
1021990 1025991
1030492 1034493
1038891 1042892
1047052 1051053
1055029 1059030
1063165 1067166
1071229 1075230
1079431 1083432
1087579 1091580
1095882 1099883
1104243 1108244
1112110 1116111
1120357 1124358
1128312 1132313
1136360 1140361
1153891 1157892