72686 76687
77780 81781
84076 88077
90633 94634
96245 100246
102247 106248
107717 111718
114156 118157
119654 123655
125932 129933
131777 135778
137829 141830
143738 147739
149567 153568
155412 159413
161843 165844
166845 170846
172796 176797
178504 182505
184831 188832
189989 193990
196033 200034
201618 205619
206941 210942
213171 217172
218368 222369
224848 228849
230692 234693
236132 240133
242446 246447
248169 252170
253834 257835
259922 263923
265944 269945
271422 275423
277378 281379
282997 286998
287136 291137
291161 295162
295162 299163
300032 304033
304193 308194
311533 315534
317410 321411
322705 326706
329346 333347
335411 339412
340901 344902
346931 350932
351113 355114