49124 53125
59607 63608
64656 68657
69908 73909
74959 78960
80325 84326
85467 89468
90992 94993
95084 99085
101563 105564
106539 110540
111998 115999
117501 121502
122473 126474
127881 131882
132582 136583
138232 142233
143166 147167
147343 151344
151399 155400
155400 159401
159401 163402
164076 168077
168974 172975
174603 178604
179565 183566
185139 189140
189978 193979
195243 199244
200395 204396
205789 209790
210523 214524
215855 219856
220840 224841
226014 230015
230916 234917
236444 240445
241405 245406
247110 251111
252049 256050
257296 261297
262612 266613
267912 271913
273073 277074
278138 282139
283241 287242
288285 292286
293297 297298
298336 302337
303153 307154
308095 312096
313162 317163
318487 322488
323679 327680
328744 332745
333718 337719
338930 342931
343996 347997
349409 353410
354241 358242
359778 363779
364053 368054
368188 372189
372196 376197
376203 380204